Dataset SENSORLESS_DRIVE_DIAGNOSIS, shape (58509 instances, 48 attributes)
0.007007349171081866
0.007178260126474107,0.006238249871816783
0.007007349171081866,0.006750982737993506,0.007263715604170227
0.0064946163049051445,0.006067338916424542,0.006152794394120663,0.006580071782601265
0.0075200820372585886,0.00794735942573919,0.007178260126474107,0.007605537514954709,0.007349171081866348
0.0058964279610323024,0.0054691505725517,0.007349171081866348,0.006750982737993506,0.006152794394120663,0.0075200820372585886
0.006750982737993506,0.006836438215689626,0.006580071782601265,0.006323705349512904,0.006152794394120663,0.006152794394120663,0.006921893693385746
0.007178260126474107,0.0058964279610323024,0.006750982737993506,0.006409160827209024,0.006067338916424542,0.006580071782601265,0.006750982737993506,0.007007349171081866
0.007605537514954709,0.006238249871816783,0.006836438215689626,0.00786190394804307,0.006238249871816783,0.006665527260297385,0.006836438215689626,0.007349171081866348,0.006238249871816783
0.00786190394804307,0.005981883438728423,0.006836438215689626,0.008203725858827551,0.0064946163049051445,0.007605537514954709,0.007178260126474107,0.007263715604170227,0.00794735942573919,0.006323705349512904
Average COD for Decision Tree for dataset SENSORLESS_DRIVE_DIAGNOSIS: 0.006826


Dataset DIABETES, shape (1151 instances, 19 attributes)
0.05627705627705628
0.06060606060606061,0.03896103896103896
0.05194805194805195,0.047619047619047616,0.06060606060606061
0.06060606060606061,0.03896103896103896,0.03463203463203463,0.05194805194805195
0.047619047619047616,0.03463203463203463,0.047619047619047616,0.030303030303030304,0.030303030303030304
0.05194805194805195,0.0735930735930736,0.06060606060606061,0.06926406926406926,0.04329004329004329,0.047619047619047616
0.0735930735930736,0.06926406926406926,0.0735930735930736,0.047619047619047616,0.047619047619047616,0.04329004329004329,0.03896103896103896
0.06493506493506493,0.04329004329004329,0.05627705627705628,0.047619047619047616,0.05627705627705628,0.04329004329004329,0.047619047619047616,0.04329004329004329
0.06493506493506493,0.06060606060606061,0.047619047619047616,0.06493506493506493,0.05627705627705628,0.06060606060606061,0.047619047619047616,0.06926406926406926,0.06926406926406926
0.07792207792207792,0.05627705627705628,0.06060606060606061,0.07792207792207792,0.04329004329004329,0.0735930735930736,0.04329004329004329,0.05627705627705628,0.047619047619047616,0.06493506493506493
Average COD for Decision Tree for dataset DIABETES: 0.054152


Dataset PIMA-INDIANS-DIABETES, shape(768 intsances,8 attributes)
0.07792207792207792
0.07142857142857142,0.09740259740259741
0.1038961038961039,0.03896103896103896,0.08441558441558442
0.045454545454545456,0.07142857142857142,0.05194805194805195,0.08441558441558442
0.07792207792207792,0.11688311688311688,0.05844155844155844,0.07792207792207792,0.08441558441558442
0.09090909090909091,0.03896103896103896,0.08441558441558442,0.025974025974025976,0.07142857142857142,0.09090909090909091
0.03896103896103896,0.09090909090909091,0.05844155844155844,0.09090909090909091,0.07142857142857142,0.06493506493506493,0.1038961038961039
0.03896103896103896,0.06493506493506493,0.08441558441558442,0.09090909090909091,0.07142857142857142,0.1038961038961039,0.07792207792207792,0.03896103896103896
0.07792207792207792,0.07792207792207792,0.05844155844155844,0.06493506493506493,0.07142857142857142,0.07792207792207792,0.07792207792207792,0.06493506493506493,0.07792207792207792
0.08441558441558442,0.09740259740259741,0.06493506493506493,0.07142857142857142,0.09090909090909091,0.045454545454545456,0.08441558441558442,0.08441558441558442,0.09740259740259741,0.05844155844155844
Average COD for Decision Tree for dataset PIMA-INDIANS-DIABETES: 0.073908


Dataset IRIS, shape(150 instances,4 attributes)
0.0
0.0,0.0
0.0,0.0,0.0
0.0,0.0,0.0,0.0
0.0,0.0,0.0,0.0,0.0
0.0,0.0,0.0,0.0,0.0,0.0
0.0,0.0,0.0,0.0,0.0,0.0,0.0
0.0,0.0,0.0,0.0,0.0,0.0,0.0,0.0
0.0,0.0,0.0,0.0,0.0,0.0,0.0,0.0,0.0
0.0,0.0,0.0,0.0,0.0,0.0,0.0,0.0,0.0,0.0
Average COD for Decision Tree for dataset IRIS:0.000000


Average COD for Decision Tree for all datasets: 0.033721
